INF	PVD
0.166	0.025
-0.010	0.029
0.114	-0.034
-0.016	-0.051
-0.048	0.014
-0.044	-0.057
-0.119	0.038
0.070	0.119
-0.024	-0.014
0.174	0.070
0.081	0.023
-0.053	-0.119
-0.040	0.118
0.074	0.044
0.016	-0.037
0.289	0.029
-0.044	0.059
-0.058	0.011
0.132	0.035
-0.098	0.067
0.230	0.044
0.058	0.059
0.058	0.030
-0.052	0.092
0.153	0.072
0.055	0.041
0.116	0.053
0.177	-0.118
0.017	-0.122
0.162	0.024
0.066	0.050
0.068	0.150
0.095	0.082
0.046	0.036
0.010	0.043
-0.011	0.002
-0.024	0.035
-0.079	-0.028
0.043	0.014
0.003	0.040
0.092	-0.109
0.049	0.053
-0.033	-0.011
0.096	0.026
-0.018	0.061
0.105	0.045
0.033	0.000
0.069	-0.112
-0.074	0.068
0.004	-0.052
-0.038	-0.032
-0.152	-0.007
-0.012	-0.067
-0.136	-0.107
0.036	-0.057
-0.162	-0.152
0.075	0.026
-0.170	0.046
-0.043	-0.115
-0.117	0.012
0.029	0.005
0.033	0.082
-0.052	0.030
0.063	0.058
-0.101	-0.017
0.493	0.005
0.771	0.236
-0.371	-0.123
-0.479	-0.060
0.043	0.118
0.772	0.050
0.068	-0.121

