PIB	JUR	DUM
0.024	0.185	0
0.003	0.185	0
0.014	0.18	0
0.010	0.25	0
-0.004	0.265	0
-0.008	0.26	0
0.009	0.2	0
0.010	0.165	0
0.014	0.1625	0
0.028	0.16	0
0.013	0.1625	0
0.008	0.1775	0
0.008	0.1925	0
0.012	0.1975	0
-0.006	0.195	0
0.012	0.18	0
0.017	0.165	0
0.003	0.1525	0
0.016	0.1425	0
0.012	0.1325	0
0.019	0.1275	0
0.017	0.12	0
0.010	0.1125	0
0.015	0.1125	0
0.012	0.1125	0
0.021	0.1225	0
0.016	0.1375	0
-0.038	0.1375	0
-0.014	0.1125	0
0.018	0.0925	0
0.023	0.0875	0
0.026	0.0875	0
0.021	0.0875	0
0.013	0.1025	0
0.009	0.1075	0
0.014	0.1075	0
0.014	0.1175	0
0.010	0.1225	0
-0.002	0.12	0
0.009	0.11	0
-0.014	0.0975	0
0.018	0.085	0
0.017	0.075	0
0.000	0.0725	0
0.005	0.0725	0
0.015	0.08	0
0.004	0.09	0
0.001	0.1	0
0.008	0.1075	0
-0.015	0.11	0
0.000	0.11	0
0.005	0.1175	0
-0.008	0.1275	0
-0.024	0.1375	0
-0.016	0.1425	0
-0.008	0.1425	0
-0.015	0.1425	0
0.004	0.1425	0
-0.005	0.1425	0
-0.002	0.1375	0
0.011	0.1225	0
0.008	0.1025	0
0.003	0.0825	0
0.005	0.07	0
0.006	0.065	0
0.000	0.065	1
0.009	0.065	1
-0.004	0.065	1
0.003	0.065	1
0.007	0.065	0
0.001	0.055	1
0.006	0.045	1

