INF		PVD
2.17934718	1.944997793
2.175031921	1.957500623
2.221762306	1.942621666
2.214908532	1.920089474
2.193700766	1.926294135
2.174296577	1.900925205
2.119469275	1.917127017
2.148717442	1.965950285
2.138065505	1.959662192
2.20789273	1.988930084
2.241748091	1.998975382
2.217946514	1.943694862
2.200046332	1.992109904
2.231107059	2.01079475
2.238180222	1.99431371
2.348414187	2.006541254
2.328645702	2.031535063
2.302633925	2.036343149
2.356487515	2.051111584
2.311571771	2.079460888
2.401332381	2.098275142
2.425697405	2.123082402
2.450265907	2.135753451
2.42686637	2.173943618
2.488592766	2.204160917
2.511933531	2.221439192
2.559754733	2.243768442
2.630525201	2.189460596
2.637683321	2.133170324
2.703012625	2.143617825
2.730898859	2.165021343
2.759444313	2.225647363
2.798881664	2.259905361
2.818241115	2.275181794
2.822617655	2.293473267
2.817852809	2.294451056
2.807365309	2.309542667
2.771716698	2.297102865
2.789896079	2.303133121
2.791214454	2.320267512
2.829610464	2.270200396
2.850275132	2.292701966
2.835677142	2.28804517
2.875299889	2.299327803
2.86728133	2.324941788
2.910726135	2.344190508
2.92464917	2.344079303
2.953495351	2.29226359
2.920060247	2.320639398
2.921650332	2.297433206
2.904606623	2.283188639
2.832765201	2.280042262
2.827548972	2.249867239
2.764246834	2.200693427
2.779633258	2.175176049
2.703120428	2.103499654
2.734510534	2.11448778
2.653593055	2.133832588
2.634663766	2.080720454
2.580777696	2.085890486
2.593201313	2.088135253
2.607468072	2.12224909
2.584394716	2.134974125
2.611103782	2.159612663
2.564790781	2.152294687
2.738780876	2.154623503
2.986946564	2.246631395
2.785540478	2.189460596
2.502768318	2.162466249
2.521089167	2.210736838
2.769495552	2.23181213
2.79822645	2.175558759

