PIB	JUR	CAM	DUM
2.005	0.185	2.024	0
2.006	0.185	2.050	0
2.012	0.180	2.143	0
2.016	0.250	2.192	0
2.014	0.265	2.153	0
2.011	0.260	2.080	0
2.015	0.200	2.071	0
2.019	0.165	2.073	0
2.025	0.163	2.077	0
2.037	0.160	2.090	0
2.043	0.163	2.078	0
2.046	0.178	2.059	0
2.049	0.193	2.038	0
2.055	0.198	1.997	0
2.052	0.195	1.971	0
2.057	0.180	1.949	0
2.064	0.165	1.939	0
2.066	0.153	1.944	0
2.073	0.143	1.946	0
2.078	0.133	1.942	0
2.086	0.128	1.932	0
2.093	0.120	1.912	0
2.097	0.113	1.901	0
2.104	0.113	1.881	0
2.109	0.113	1.876	0
2.118	0.123	1.861	0
2.125	0.138	1.853	0
2.109	0.138	1.947	0
2.102	0.113	1.943	0
2.110	0.093	1.904	0
2.120	0.088	1.867	0
2.131	0.088	1.845	0
2.140	0.088	1.849	0
2.146	0.103	1.830	0
2.150	0.108	1.826	0
2.156	0.108	1.819	0
2.162	0.118	1.811	0
2.166	0.123	1.799	0
2.165	0.120	1.809	0
2.169	0.110	1.836	0
2.163	0.098	1.826	0
2.170	0.085	1.863	0
2.178	0.075	1.871	0
2.178	0.073	1.879	0
2.180	0.073	1.860	0
2.186	0.080	1.867	0
2.188	0.090	1.910	0
2.189	0.100	1.907	0
2.193	0.108	1.916	0
2.186	0.110	1.884	0
2.186	0.110	1.887	0
2.188	0.118	1.919	0
2.185	0.128	1.939	0
2.174	0.138	1.957	0
2.167	0.143	2.006	0
2.164	0.143	2.027	0
2.157	0.143	2.019	0
2.159	0.143	1.971	0
2.157	0.143	1.930	0
2.156	0.138	1.925	0
2.160	0.123	1.902	0
2.164	0.103	1.917	0
2.165	0.083	1.922	0
2.167	0.070	1.934	0
2.170	0.065	1.947	0
2.170	0.065	1.983	1
2.174	0.065	2.008	1
2.172	0.065	1.985	1
2.174	0.065	1.983	0
2.176	0.065	1.993	0
2.177	0.055	1.995	0
2.180	0.045	2.009	0

